city,year,weekofyear,total_cases
sj,2008,18,2
sj,2008,19,5
sj,2008,20,5
sj,2008,21,4
sj,2008,22,5
sj,2008,23,4
sj,2008,24,5
sj,2008,25,11
sj,2008,26,10
sj,2008,27,13
sj,2008,28,17
sj,2008,29,22
sj,2008,30,24
sj,2008,31,27
sj,2008,32,29
sj,2008,33,20
sj,2008,34,33
sj,2008,35,39
sj,2008,36,44
sj,2008,37,75
sj,2008,38,86
sj,2008,39,55
sj,2008,40,58
sj,2008,41,48
sj,2008,42,52
sj,2008,43,25
sj,2008,44,32
sj,2008,45,21
sj,2008,46,21
sj,2008,47,22
sj,2008,48,20
sj,2008,49,28
sj,2008,50,30
sj,2008,51,13
sj,2008,52,16
sj,2009,1,15
sj,2009,2,14
sj,2009,3,13
sj,2009,4,14
sj,2009,5,15
sj,2009,6,11
sj,2009,7,15
sj,2009,8,12
sj,2009,9,10
sj,2009,10,6
sj,2009,11,4
sj,2009,12,6
sj,2009,13,4
sj,2009,14,3
sj,2009,15,4
sj,2009,16,3
sj,2009,17,4
sj,2009,18,3
sj,2009,19,3
sj,2009,20,3
sj,2009,21,3
sj,2009,22,5
sj,2009,23,5
sj,2009,24,9
sj,2009,25,8
sj,2009,26,13
sj,2009,27,10
sj,2009,28,13
sj,2009,29,17
sj,2009,30,17
sj,2009,31,17
sj,2009,32,23
sj,2009,33,27
sj,2009,34,33
sj,2009,35,31
sj,2009,36,21
sj,2009,37,23
sj,2009,38,29
sj,2009,39,45
sj,2009,40,40
sj,2009,41,41
sj,2009,42,52
sj,2009,43,34
sj,2009,44,30
sj,2009,45,21
sj,2009,46,21
sj,2009,47,20
sj,2009,48,20
sj,2009,49,17
sj,2009,50,21
sj,2009,51,19
sj,2009,52,18
sj,2010,53,20
sj,2010,1,19
sj,2010,2,17
sj,2010,3,15
sj,2010,4,19
sj,2010,5,18
sj,2010,6,18
sj,2010,7,15
sj,2010,8,14
sj,2010,9,12
sj,2010,10,5
sj,2010,11,8
sj,2010,12,6
sj,2010,13,13
sj,2010,14,6
sj,2010,15,4
sj,2010,16,4
sj,2010,17,10
sj,2010,18,6
sj,2010,19,5
sj,2010,20,10
sj,2010,21,16
sj,2010,22,23
sj,2010,23,27
sj,2010,24,68
sj,2010,25,33
sj,2010,26,63
sj,2010,27,57
sj,2010,28,81
sj,2010,29,51
sj,2010,30,59
sj,2010,31,47
sj,2010,32,56
sj,2010,33,82
sj,2010,34,109
sj,2010,35,147
sj,2010,36,136
sj,2010,37,94
sj,2010,38,122
sj,2010,39,72
sj,2010,40,54
sj,2010,41,40
sj,2010,42,48
sj,2010,43,30
sj,2010,44,35
sj,2010,45,29
sj,2010,46,34
sj,2010,47,37
sj,2010,48,21
sj,2010,49,17
sj,2010,50,13
sj,2010,51,12
sj,2011,52,12
sj,2011,1,12
sj,2011,2,17
sj,2011,3,14
sj,2011,4,12
sj,2011,5,11
sj,2011,6,12
sj,2011,7,13
sj,2011,8,12
sj,2011,9,10
sj,2011,10,6
sj,2011,11,5
sj,2011,12,4
sj,2011,13,3
sj,2011,14,3
sj,2011,15,3
sj,2011,16,4
sj,2011,17,4
sj,2011,18,3
sj,2011,19,5
sj,2011,20,10
sj,2011,21,3
sj,2011,22,8
sj,2011,23,16
sj,2011,24,15
sj,2011,25,13
sj,2011,26,37
sj,2011,27,38
sj,2011,28,52
sj,2011,29,39
sj,2011,30,45
sj,2011,31,43
sj,2011,32,49
sj,2011,33,72
sj,2011,34,64
sj,2011,35,47
sj,2011,36,84
sj,2011,37,50
sj,2011,38,37
sj,2011,39,32
sj,2011,40,31
sj,2011,41,31
sj,2011,42,38
sj,2011,43,24
sj,2011,44,28
sj,2011,45,21
sj,2011,46,15
sj,2011,47,14
sj,2011,48,16
sj,2011,49,8
sj,2011,50,22
sj,2011,51,18
sj,2012,52,17
sj,2012,1,15
sj,2012,2,17
sj,2012,3,15
sj,2012,4,15
sj,2012,5,16
sj,2012,6,11
sj,2012,7,12
sj,2012,8,9
sj,2012,9,10
sj,2012,10,5
sj,2012,11,5
sj,2012,12,4
sj,2012,13,5
sj,2012,14,4
sj,2012,15,6
sj,2012,16,6
sj,2012,17,7
sj,2012,18,5
sj,2012,19,4
sj,2012,20,5
sj,2012,21,6
sj,2012,22,14
sj,2012,23,8
sj,2012,24,13
sj,2012,25,14
sj,2012,26,12
sj,2012,27,13
sj,2012,28,13
sj,2012,29,15
sj,2012,30,16
sj,2012,31,26
sj,2012,32,20
sj,2012,33,25
sj,2012,34,41
sj,2012,35,29
sj,2012,36,29
sj,2012,37,31
sj,2012,38,37
sj,2012,39,37
sj,2012,40,61
sj,2012,41,58
sj,2012,42,40
sj,2012,43,38
sj,2012,44,21
sj,2012,45,18
sj,2012,46,20
sj,2012,47,18
sj,2012,48,22
sj,2012,49,19
sj,2012,50,16
sj,2012,51,14
sj,2013,1,18
sj,2013,2,17
sj,2013,3,18
sj,2013,4,14
sj,2013,5,15
sj,2013,6,14
sj,2013,7,10
sj,2013,8,12
sj,2013,9,11
sj,2013,10,6
sj,2013,11,8
sj,2013,12,5
sj,2013,13,4
sj,2013,14,2
sj,2013,15,5
sj,2013,16,4
sj,2013,17,5
iq,2010,26,2
iq,2010,27,2
iq,2010,28,2
iq,2010,29,2
iq,2010,30,1
iq,2010,31,2
iq,2010,32,3
iq,2010,33,3
iq,2010,34,0
iq,2010,35,3
iq,2010,36,2
iq,2010,37,3
iq,2010,38,3
iq,2010,39,5
iq,2010,40,6
iq,2010,41,5
iq,2010,42,2
iq,2010,43,7
iq,2010,44,14
iq,2010,45,10
iq,2010,46,9
iq,2010,47,9
iq,2010,48,6
iq,2010,49,8
iq,2010,50,5
iq,2010,51,8
iq,2011,52,13
iq,2011,1,14
iq,2011,2,18
iq,2011,3,13
iq,2011,4,18
iq,2011,5,6
iq,2011,6,6
iq,2011,7,5
iq,2011,8,12
iq,2011,9,12
iq,2011,10,8
iq,2011,11,8
iq,2011,12,6
iq,2011,13,4
iq,2011,14,3
iq,2011,15,5
iq,2011,16,4
iq,2011,17,4
iq,2011,18,5
iq,2011,19,6
iq,2011,20,3
iq,2011,21,5
iq,2011,22,2
iq,2011,23,2
iq,2011,24,1
iq,2011,25,2
iq,2011,26,2
iq,2011,27,1
iq,2011,28,1
iq,2011,29,2
iq,2011,30,3
iq,2011,31,6
iq,2011,32,3
iq,2011,33,2
iq,2011,34,2
iq,2011,35,3
iq,2011,36,3
iq,2011,37,2
iq,2011,38,2
iq,2011,39,3
iq,2011,40,7
iq,2011,41,5
iq,2011,42,7
iq,2011,43,10
iq,2011,44,7
iq,2011,45,7
iq,2011,46,7
iq,2011,47,14
iq,2011,48,8
iq,2011,49,6
iq,2011,50,8
iq,2011,51,6
iq,2012,52,11
iq,2012,1,13
iq,2012,2,11
iq,2012,3,18
iq,2012,4,13
iq,2012,5,12
iq,2012,6,17
iq,2012,7,17
iq,2012,8,15
iq,2012,9,13
iq,2012,10,5
iq,2012,11,4
iq,2012,12,2
iq,2012,13,3
iq,2012,14,1
iq,2012,15,3
iq,2012,16,4
iq,2012,17,4
iq,2012,18,4
iq,2012,19,3
iq,2012,20,2
iq,2012,21,3
iq,2012,22,1
iq,2012,23,2
iq,2012,24,2
iq,2012,25,2
iq,2012,26,2
iq,2012,27,2
iq,2012,28,1
iq,2012,29,1
iq,2012,30,2
iq,2012,31,3
iq,2012,32,4
iq,2012,33,3
iq,2012,34,3
iq,2012,35,2
iq,2012,36,3
iq,2012,37,2
iq,2012,38,3
iq,2012,39,2
iq,2012,40,2
iq,2012,41,1
iq,2012,42,7
iq,2012,43,35
iq,2012,44,12
iq,2012,45,6
iq,2012,46,6
iq,2012,47,11
iq,2012,48,6
iq,2012,49,8
iq,2012,50,6
iq,2012,51,6
iq,2013,1,11
iq,2013,2,16
iq,2013,3,19
iq,2013,4,18
iq,2013,5,16
iq,2013,6,14
iq,2013,7,16
iq,2013,8,15
iq,2013,9,10
iq,2013,10,11
iq,2013,11,8
iq,2013,12,6
iq,2013,13,10
iq,2013,14,8
iq,2013,15,6
iq,2013,16,6
iq,2013,17,5
iq,2013,18,4
iq,2013,19,4
iq,2013,20,3
iq,2013,21,4
iq,2013,22,5
iq,2013,23,3
iq,2013,24,1
iq,2013,25,1
iq,2013,26,3
