city,year,weekofyear,total_cases
sj,2008,18,8
sj,2008,19,-2
sj,2008,20,-8
sj,2008,21,5
sj,2008,22,22
sj,2008,23,8
sj,2008,24,3
sj,2008,25,18
sj,2008,26,19
sj,2008,27,20
sj,2008,28,33
sj,2008,29,36
sj,2008,30,23
sj,2008,31,22
sj,2008,32,25
sj,2008,33,26
sj,2008,34,30
sj,2008,35,30
sj,2008,36,98
sj,2008,37,70
sj,2008,38,73
sj,2008,39,67
sj,2008,40,58
sj,2008,41,42
sj,2008,42,45
sj,2008,43,35
sj,2008,44,39
sj,2008,45,27
sj,2008,46,29
sj,2008,47,28
sj,2008,48,40
sj,2008,49,30
sj,2008,50,27
sj,2008,51,9
sj,2008,52,8
sj,2009,1,19
sj,2009,2,13
sj,2009,3,15
sj,2009,4,11
sj,2009,5,18
sj,2009,6,10
sj,2009,7,14
sj,2009,8,11
sj,2009,9,10
sj,2009,10,8
sj,2009,11,6
sj,2009,12,7
sj,2009,13,7
sj,2009,14,1
sj,2009,15,7
sj,2009,16,3
sj,2009,17,7
sj,2009,18,5
sj,2009,19,0
sj,2009,20,-6
sj,2009,21,-12
sj,2009,22,1
sj,2009,23,5
sj,2009,24,3
sj,2009,25,0
sj,2009,26,20
sj,2009,27,34
sj,2009,28,34
sj,2009,29,27
sj,2009,30,26
sj,2009,31,31
sj,2009,32,15
sj,2009,33,24
sj,2009,34,32
sj,2009,35,30
sj,2009,36,44
sj,2009,37,21
sj,2009,38,38
sj,2009,39,48
sj,2009,40,54
sj,2009,41,68
sj,2009,42,71
sj,2009,43,51
sj,2009,44,32
sj,2009,45,26
sj,2009,46,31
sj,2009,47,29
sj,2009,48,32
sj,2009,49,21
sj,2009,50,16
sj,2009,51,16
sj,2009,52,9
sj,2010,53,12
sj,2010,1,16
sj,2010,2,16
sj,2010,3,15
sj,2010,4,13
sj,2010,5,11
sj,2010,6,18
sj,2010,7,13
sj,2010,8,12
sj,2010,9,9
sj,2010,10,13
sj,2010,11,5
sj,2010,12,4
sj,2010,13,11
sj,2010,14,8
sj,2010,15,3
sj,2010,16,3
sj,2010,17,1
sj,2010,18,1
sj,2010,19,2
sj,2010,20,13
sj,2010,21,11
sj,2010,22,24
sj,2010,23,64
sj,2010,24,62
sj,2010,25,52
sj,2010,26,63
sj,2010,27,65
sj,2010,28,57
sj,2010,29,50
sj,2010,30,54
sj,2010,31,49
sj,2010,32,56
sj,2010,33,63
sj,2010,34,74
sj,2010,35,114
sj,2010,36,106
sj,2010,37,106
sj,2010,38,75
sj,2010,39,64
sj,2010,40,44
sj,2010,41,77
sj,2010,42,41
sj,2010,43,37
sj,2010,44,46
sj,2010,45,39
sj,2010,46,32
sj,2010,47,21
sj,2010,48,19
sj,2010,49,19
sj,2010,50,10
sj,2010,51,9
sj,2011,52,10
sj,2011,1,10
sj,2011,2,19
sj,2011,3,10
sj,2011,4,22
sj,2011,5,18
sj,2011,6,15
sj,2011,7,10
sj,2011,8,15
sj,2011,9,11
sj,2011,10,8
sj,2011,11,2
sj,2011,12,6
sj,2011,13,2
sj,2011,14,1
sj,2011,15,3
sj,2011,16,2
sj,2011,17,5
sj,2011,18,5
sj,2011,19,2
sj,2011,20,4
sj,2011,21,-14
sj,2011,22,2
sj,2011,23,0
sj,2011,24,0
sj,2011,25,25
sj,2011,26,55
sj,2011,27,52
sj,2011,28,33
sj,2011,29,26
sj,2011,30,29
sj,2011,31,41
sj,2011,32,46
sj,2011,33,64
sj,2011,34,61
sj,2011,35,51
sj,2011,36,65
sj,2011,37,34
sj,2011,38,45
sj,2011,39,22
sj,2011,40,39
sj,2011,41,33
sj,2011,42,20
sj,2011,43,35
sj,2011,44,30
sj,2011,45,18
sj,2011,46,15
sj,2011,47,14
sj,2011,48,33
sj,2011,49,17
sj,2011,50,15
sj,2011,51,11
sj,2012,52,8
sj,2012,1,15
sj,2012,2,23
sj,2012,3,19
sj,2012,4,16
sj,2012,5,16
sj,2012,6,13
sj,2012,7,11
sj,2012,8,11
sj,2012,9,9
sj,2012,10,9
sj,2012,11,5
sj,2012,12,6
sj,2012,13,6
sj,2012,14,0
sj,2012,15,9
sj,2012,16,1
sj,2012,17,3
sj,2012,18,6
sj,2012,19,5
sj,2012,20,4
sj,2012,21,10
sj,2012,22,3
sj,2012,23,19
sj,2012,24,7
sj,2012,25,6
sj,2012,26,4
sj,2012,27,0
sj,2012,28,6
sj,2012,29,5
sj,2012,30,9
sj,2012,31,20
sj,2012,32,4
sj,2012,33,5
sj,2012,34,6
sj,2012,35,3
sj,2012,36,34
sj,2012,37,51
sj,2012,38,28
sj,2012,39,18
sj,2012,40,53
sj,2012,41,54
sj,2012,42,35
sj,2012,43,11
sj,2012,44,9
sj,2012,45,11
sj,2012,46,1
sj,2012,47,19
sj,2012,48,48
sj,2012,49,35
sj,2012,50,28
sj,2012,51,24
sj,2013,1,5
sj,2013,2,2
sj,2013,3,19
sj,2013,4,17
sj,2013,5,12
sj,2013,6,12
sj,2013,7,13
sj,2013,8,13
sj,2013,9,14
sj,2013,10,9
sj,2013,11,5
sj,2013,12,9
sj,2013,13,5
sj,2013,14,3
sj,2013,15,3
sj,2013,16,2
sj,2013,17,4
iq,2010,26,3
iq,2010,27,2
iq,2010,28,2
iq,2010,29,3
iq,2010,30,3
iq,2010,31,4
iq,2010,32,0
iq,2010,33,3
iq,2010,34,2
iq,2010,35,0
iq,2010,36,4
iq,2010,37,0
iq,2010,38,11
iq,2010,39,9
iq,2010,40,10
iq,2010,41,18
iq,2010,42,6
iq,2010,43,15
iq,2010,44,11
iq,2010,45,9
iq,2010,46,16
iq,2010,47,4
iq,2010,48,3
iq,2010,49,23
iq,2010,50,9
iq,2010,51,19
iq,2011,52,8
iq,2011,1,17
iq,2011,2,20
iq,2011,3,19
iq,2011,4,18
iq,2011,5,9
iq,2011,6,6
iq,2011,7,4
iq,2011,8,7
iq,2011,9,5
iq,2011,10,1
iq,2011,11,7
iq,2011,12,8
iq,2011,13,4
iq,2011,14,3
iq,2011,15,6
iq,2011,16,4
iq,2011,17,1
iq,2011,18,2
iq,2011,19,3
iq,2011,20,5
iq,2011,21,2
iq,2011,22,0
iq,2011,23,1
iq,2011,24,1
iq,2011,25,4
iq,2011,26,1
iq,2011,27,2
iq,2011,28,5
iq,2011,29,2
iq,2011,30,2
iq,2011,31,1
iq,2011,32,3
iq,2011,33,7
iq,2011,34,3
iq,2011,35,4
iq,2011,36,3
iq,2011,37,2
iq,2011,38,6
iq,2011,39,13
iq,2011,40,6
iq,2011,41,3
iq,2011,42,4
iq,2011,43,3
iq,2011,44,11
iq,2011,45,3
iq,2011,46,9
iq,2011,47,6
iq,2011,48,4
iq,2011,49,8
iq,2011,50,13
iq,2011,51,-1
iq,2012,52,11
iq,2012,1,10
iq,2012,2,12
iq,2012,3,14
iq,2012,4,13
iq,2012,5,9
iq,2012,6,14
iq,2012,7,6
iq,2012,8,12
iq,2012,9,7
iq,2012,10,8
iq,2012,11,3
iq,2012,12,4
iq,2012,13,3
iq,2012,14,1
iq,2012,15,3
iq,2012,16,5
iq,2012,17,4
iq,2012,18,7
iq,2012,19,3
iq,2012,20,2
iq,2012,21,3
iq,2012,22,1
iq,2012,23,2
iq,2012,24,1
iq,2012,25,4
iq,2012,26,2
iq,2012,27,2
iq,2012,28,2
iq,2012,29,3
iq,2012,30,1
iq,2012,31,5
iq,2012,32,4
iq,2012,33,3
iq,2012,34,2
iq,2012,35,7
iq,2012,36,5
iq,2012,37,5
iq,2012,38,2
iq,2012,39,5
iq,2012,40,10
iq,2012,41,13
iq,2012,42,6
iq,2012,43,23
iq,2012,44,13
iq,2012,45,6
iq,2012,46,3
iq,2012,47,5
iq,2012,48,5
iq,2012,49,10
iq,2012,50,10
iq,2012,51,12
iq,2013,1,4
iq,2013,2,21
iq,2013,3,19
iq,2013,4,13
iq,2013,5,14
iq,2013,6,13
iq,2013,7,13
iq,2013,8,14
iq,2013,9,12
iq,2013,10,15
iq,2013,11,6
iq,2013,12,4
iq,2013,13,11
iq,2013,14,5
iq,2013,15,12
iq,2013,16,7
iq,2013,17,3
iq,2013,18,3
iq,2013,19,4
iq,2013,20,7
iq,2013,21,1
iq,2013,22,5
iq,2013,23,3
iq,2013,24,2
iq,2013,25,1
iq,2013,26,3
