city,year,weekofyear,total_cases
sj,2008,18,6
sj,2008,19,0
sj,2008,20,-4
sj,2008,21,1
sj,2008,22,14
sj,2008,23,0
sj,2008,24,0
sj,2008,25,10
sj,2008,26,25
sj,2008,27,16
sj,2008,28,34
sj,2008,29,31
sj,2008,30,24
sj,2008,31,12
sj,2008,32,25
sj,2008,33,36
sj,2008,34,38
sj,2008,35,37
sj,2008,36,82
sj,2008,37,90
sj,2008,38,83
sj,2008,39,68
sj,2008,40,53
sj,2008,41,48
sj,2008,42,40
sj,2008,43,36
sj,2008,44,44
sj,2008,45,37
sj,2008,46,40
sj,2008,47,38
sj,2008,48,42
sj,2008,49,38
sj,2008,50,31
sj,2008,51,17
sj,2008,52,16
sj,2009,1,20
sj,2009,2,15
sj,2009,3,14
sj,2009,4,11
sj,2009,5,18
sj,2009,6,14
sj,2009,7,11
sj,2009,8,11
sj,2009,9,11
sj,2009,10,7
sj,2009,11,3
sj,2009,12,11
sj,2009,13,8
sj,2009,14,4
sj,2009,15,7
sj,2009,16,3
sj,2009,17,6
sj,2009,18,3
sj,2009,19,1
sj,2009,20,-3
sj,2009,21,-4
sj,2009,22,6
sj,2009,23,10
sj,2009,24,10
sj,2009,25,3
sj,2009,26,26
sj,2009,27,35
sj,2009,28,33
sj,2009,29,18
sj,2009,30,25
sj,2009,31,27
sj,2009,32,21
sj,2009,33,28
sj,2009,34,28
sj,2009,35,27
sj,2009,36,38
sj,2009,37,30
sj,2009,38,24
sj,2009,39,28
sj,2009,40,42
sj,2009,41,48
sj,2009,42,70
sj,2009,43,37
sj,2009,44,28
sj,2009,45,20
sj,2009,46,21
sj,2009,47,26
sj,2009,48,28
sj,2009,49,24
sj,2009,50,20
sj,2009,51,16
sj,2009,52,12
sj,2010,53,8
sj,2010,1,16
sj,2010,2,19
sj,2010,3,14
sj,2010,4,19
sj,2010,5,13
sj,2010,6,18
sj,2010,7,14
sj,2010,8,16
sj,2010,9,11
sj,2010,10,14
sj,2010,11,3
sj,2010,12,3
sj,2010,13,6
sj,2010,14,6
sj,2010,15,3
sj,2010,16,4
sj,2010,17,5
sj,2010,18,4
sj,2010,19,8
sj,2010,20,13
sj,2010,21,10
sj,2010,22,18
sj,2010,23,50
sj,2010,24,59
sj,2010,25,50
sj,2010,26,48
sj,2010,27,52
sj,2010,28,44
sj,2010,29,41
sj,2010,30,45
sj,2010,31,35
sj,2010,32,44
sj,2010,33,61
sj,2010,34,67
sj,2010,35,94
sj,2010,36,94
sj,2010,37,93
sj,2010,38,87
sj,2010,39,51
sj,2010,40,37
sj,2010,41,72
sj,2010,42,50
sj,2010,43,47
sj,2010,44,42
sj,2010,45,39
sj,2010,46,37
sj,2010,47,18
sj,2010,48,17
sj,2010,49,12
sj,2010,50,15
sj,2010,51,10
sj,2011,52,12
sj,2011,1,9
sj,2011,2,18
sj,2011,3,9
sj,2011,4,23
sj,2011,5,15
sj,2011,6,14
sj,2011,7,10
sj,2011,8,16
sj,2011,9,11
sj,2011,10,10
sj,2011,11,3
sj,2011,12,3
sj,2011,13,2
sj,2011,14,4
sj,2011,15,3
sj,2011,16,4
sj,2011,17,6
sj,2011,18,7
sj,2011,19,6
sj,2011,20,6
sj,2011,21,-4
sj,2011,22,8
sj,2011,23,8
sj,2011,24,6
sj,2011,25,15
sj,2011,26,43
sj,2011,27,42
sj,2011,28,26
sj,2011,29,21
sj,2011,30,17
sj,2011,31,32
sj,2011,32,49
sj,2011,33,57
sj,2011,34,56
sj,2011,35,54
sj,2011,36,63
sj,2011,37,43
sj,2011,38,49
sj,2011,39,13
sj,2011,40,44
sj,2011,41,36
sj,2011,42,20
sj,2011,43,24
sj,2011,44,25
sj,2011,45,17
sj,2011,46,20
sj,2011,47,19
sj,2011,48,38
sj,2011,49,26
sj,2011,50,17
sj,2011,51,19
sj,2012,52,21
sj,2012,1,21
sj,2012,2,23
sj,2012,3,19
sj,2012,4,18
sj,2012,5,19
sj,2012,6,10
sj,2012,7,12
sj,2012,8,8
sj,2012,9,12
sj,2012,10,8
sj,2012,11,4
sj,2012,12,5
sj,2012,13,4
sj,2012,14,7
sj,2012,15,5
sj,2012,16,1
sj,2012,17,4
sj,2012,18,2
sj,2012,19,6
sj,2012,20,12
sj,2012,21,7
sj,2012,22,0
sj,2012,23,14
sj,2012,24,4
sj,2012,25,0
sj,2012,26,-7
sj,2012,27,-9
sj,2012,28,-2
sj,2012,29,1
sj,2012,30,-2
sj,2012,31,18
sj,2012,32,0
sj,2012,33,2
sj,2012,34,8
sj,2012,35,13
sj,2012,36,27
sj,2012,37,40
sj,2012,38,23
sj,2012,39,16
sj,2012,40,44
sj,2012,41,58
sj,2012,42,38
sj,2012,43,14
sj,2012,44,5
sj,2012,45,16
sj,2012,46,2
sj,2012,47,23
sj,2012,48,32
sj,2012,49,38
sj,2012,50,21
sj,2012,51,16
sj,2013,1,6
sj,2013,2,5
sj,2013,3,16
sj,2013,4,14
sj,2013,5,16
sj,2013,6,19
sj,2013,7,14
sj,2013,8,14
sj,2013,9,16
sj,2013,10,8
sj,2013,11,3
sj,2013,12,7
sj,2013,13,6
sj,2013,14,2
sj,2013,15,3
sj,2013,16,3
sj,2013,17,5
iq,2010,26,2
iq,2010,27,3
iq,2010,28,3
iq,2010,29,3
iq,2010,30,4
iq,2010,31,9
iq,2010,32,7
iq,2010,33,3
iq,2010,34,1
iq,2010,35,1
iq,2010,36,2
iq,2010,37,6
iq,2010,38,14
iq,2010,39,9
iq,2010,40,4
iq,2010,41,10
iq,2010,42,4
iq,2010,43,8
iq,2010,44,10
iq,2010,45,9
iq,2010,46,7
iq,2010,47,11
iq,2010,48,15
iq,2010,49,26
iq,2010,50,4
iq,2010,51,10
iq,2011,52,4
iq,2011,1,11
iq,2011,2,17
iq,2011,3,17
iq,2011,4,20
iq,2011,5,5
iq,2011,6,9
iq,2011,7,4
iq,2011,8,7
iq,2011,9,5
iq,2011,10,3
iq,2011,11,5
iq,2011,12,5
iq,2011,13,4
iq,2011,14,5
iq,2011,15,5
iq,2011,16,3
iq,2011,17,5
iq,2011,18,2
iq,2011,19,4
iq,2011,20,6
iq,2011,21,6
iq,2011,22,4
iq,2011,23,2
iq,2011,24,2
iq,2011,25,1
iq,2011,26,2
iq,2011,27,3
iq,2011,28,6
iq,2011,29,2
iq,2011,30,0
iq,2011,31,3
iq,2011,32,3
iq,2011,33,5
iq,2011,34,2
iq,2011,35,1
iq,2011,36,0
iq,2011,37,1
iq,2011,38,11
iq,2011,39,13
iq,2011,40,7
iq,2011,41,5
iq,2011,42,7
iq,2011,43,2
iq,2011,44,7
iq,2011,45,5
iq,2011,46,16
iq,2011,47,10
iq,2011,48,10
iq,2011,49,16
iq,2011,50,11
iq,2011,51,5
iq,2012,52,14
iq,2012,1,14
iq,2012,2,13
iq,2012,3,11
iq,2012,4,11
iq,2012,5,10
iq,2012,6,16
iq,2012,7,10
iq,2012,8,12
iq,2012,9,8
iq,2012,10,9
iq,2012,11,3
iq,2012,12,2
iq,2012,13,3
iq,2012,14,2
iq,2012,15,3
iq,2012,16,3
iq,2012,17,5
iq,2012,18,6
iq,2012,19,3
iq,2012,20,4
iq,2012,21,4
iq,2012,22,2
iq,2012,23,3
iq,2012,24,2
iq,2012,25,2
iq,2012,26,2
iq,2012,27,1
iq,2012,28,1
iq,2012,29,4
iq,2012,30,1
iq,2012,31,3
iq,2012,32,6
iq,2012,33,4
iq,2012,34,5
iq,2012,35,6
iq,2012,36,3
iq,2012,37,6
iq,2012,38,3
iq,2012,39,1
iq,2012,40,12
iq,2012,41,5
iq,2012,42,20
iq,2012,43,22
iq,2012,44,13
iq,2012,45,3
iq,2012,46,5
iq,2012,47,12
iq,2012,48,8
iq,2012,49,11
iq,2012,50,12
iq,2012,51,6
iq,2013,1,7
iq,2013,2,22
iq,2013,3,24
iq,2013,4,19
iq,2013,5,15
iq,2013,6,18
iq,2013,7,11
iq,2013,8,13
iq,2013,9,8
iq,2013,10,20
iq,2013,11,7
iq,2013,12,5
iq,2013,13,10
iq,2013,14,4
iq,2013,15,8
iq,2013,16,8
iq,2013,17,3
iq,2013,18,3
iq,2013,19,6
iq,2013,20,7
iq,2013,21,1
iq,2013,22,4
iq,2013,23,5
iq,2013,24,2
iq,2013,25,2
iq,2013,26,3
