city,year,weekofyear,total_cases
sj,2008,18,3
sj,2008,19,3
sj,2008,20,3
sj,2008,21,4
sj,2008,22,5
sj,2008,23,7
sj,2008,24,9
sj,2008,25,18
sj,2008,26,14
sj,2008,27,24
sj,2008,28,18
sj,2008,29,22
sj,2008,30,18
sj,2008,31,16
sj,2008,32,20
sj,2008,33,41
sj,2008,34,40
sj,2008,35,36
sj,2008,36,62
sj,2008,37,79
sj,2008,38,73
sj,2008,39,62
sj,2008,40,54
sj,2008,41,47
sj,2008,42,49
sj,2008,43,30
sj,2008,44,24
sj,2008,45,26
sj,2008,46,23
sj,2008,47,20
sj,2008,48,22
sj,2008,49,23
sj,2008,50,22
sj,2008,51,12
sj,2008,52,10
sj,2009,1,11
sj,2009,2,11
sj,2009,3,20
sj,2009,4,16
sj,2009,5,14
sj,2009,6,10
sj,2009,7,12
sj,2009,8,14
sj,2009,9,10
sj,2009,10,7
sj,2009,11,5
sj,2009,12,4
sj,2009,13,3
sj,2009,14,2
sj,2009,15,5
sj,2009,16,3
sj,2009,17,4
sj,2009,18,5
sj,2009,19,4
sj,2009,20,5
sj,2009,21,3
sj,2009,22,8
sj,2009,23,6
sj,2009,24,9
sj,2009,25,11
sj,2009,26,16
sj,2009,27,12
sj,2009,28,11
sj,2009,29,19
sj,2009,30,18
sj,2009,31,28
sj,2009,32,22
sj,2009,33,25
sj,2009,34,36
sj,2009,35,27
sj,2009,36,23
sj,2009,37,26
sj,2009,38,28
sj,2009,39,34
sj,2009,40,35
sj,2009,41,40
sj,2009,42,57
sj,2009,43,47
sj,2009,44,36
sj,2009,45,25
sj,2009,46,26
sj,2009,47,22
sj,2009,48,26
sj,2009,49,19
sj,2009,50,23
sj,2009,51,16
sj,2009,52,15
sj,2010,53,21
sj,2010,1,23
sj,2010,2,23
sj,2010,3,20
sj,2010,4,12
sj,2010,5,13
sj,2010,6,18
sj,2010,7,14
sj,2010,8,14
sj,2010,9,7
sj,2010,10,6
sj,2010,11,8
sj,2010,12,5
sj,2010,13,12
sj,2010,14,8
sj,2010,15,4
sj,2010,16,5
sj,2010,17,8
sj,2010,18,3
sj,2010,19,6
sj,2010,20,7
sj,2010,21,15
sj,2010,22,22
sj,2010,23,37
sj,2010,24,58
sj,2010,25,33
sj,2010,26,66
sj,2010,27,70
sj,2010,28,85
sj,2010,29,45
sj,2010,30,50
sj,2010,31,69
sj,2010,32,54
sj,2010,33,58
sj,2010,34,91
sj,2010,35,129
sj,2010,36,124
sj,2010,37,102
sj,2010,38,130
sj,2010,39,86
sj,2010,40,77
sj,2010,41,51
sj,2010,42,47
sj,2010,43,37
sj,2010,44,39
sj,2010,45,35
sj,2010,46,30
sj,2010,47,29
sj,2010,48,15
sj,2010,49,16
sj,2010,50,13
sj,2010,51,12
sj,2011,52,15
sj,2011,1,13
sj,2011,2,14
sj,2011,3,12
sj,2011,4,13
sj,2011,5,16
sj,2011,6,15
sj,2011,7,12
sj,2011,8,13
sj,2011,9,7
sj,2011,10,6
sj,2011,11,4
sj,2011,12,6
sj,2011,13,2
sj,2011,14,4
sj,2011,15,2
sj,2011,16,5
sj,2011,17,5
sj,2011,18,5
sj,2011,19,4
sj,2011,20,4
sj,2011,21,2
sj,2011,22,3
sj,2011,23,6
sj,2011,24,8
sj,2011,25,10
sj,2011,26,52
sj,2011,27,50
sj,2011,28,58
sj,2011,29,44
sj,2011,30,42
sj,2011,31,39
sj,2011,32,47
sj,2011,33,66
sj,2011,34,66
sj,2011,35,50
sj,2011,36,62
sj,2011,37,61
sj,2011,38,56
sj,2011,39,58
sj,2011,40,51
sj,2011,41,56
sj,2011,42,36
sj,2011,43,28
sj,2011,44,31
sj,2011,45,16
sj,2011,46,15
sj,2011,47,20
sj,2011,48,18
sj,2011,49,13
sj,2011,50,15
sj,2011,51,15
sj,2012,52,18
sj,2012,1,12
sj,2012,2,13
sj,2012,3,13
sj,2012,4,16
sj,2012,5,13
sj,2012,6,11
sj,2012,7,10
sj,2012,8,11
sj,2012,9,9
sj,2012,10,7
sj,2012,11,6
sj,2012,12,6
sj,2012,13,4
sj,2012,14,4
sj,2012,15,4
sj,2012,16,4
sj,2012,17,6
sj,2012,18,4
sj,2012,19,6
sj,2012,20,5
sj,2012,21,3
sj,2012,22,14
sj,2012,23,9
sj,2012,24,25
sj,2012,25,32
sj,2012,26,31
sj,2012,27,16
sj,2012,28,29
sj,2012,29,28
sj,2012,30,33
sj,2012,31,30
sj,2012,32,30
sj,2012,33,40
sj,2012,34,38
sj,2012,35,28
sj,2012,36,30
sj,2012,37,43
sj,2012,38,41
sj,2012,39,45
sj,2012,40,65
sj,2012,41,42
sj,2012,42,42
sj,2012,43,32
sj,2012,44,34
sj,2012,45,26
sj,2012,46,26
sj,2012,47,25
sj,2012,48,27
sj,2012,49,18
sj,2012,50,15
sj,2012,51,15
sj,2013,1,14
sj,2013,2,11
sj,2013,3,15
sj,2013,4,13
sj,2013,5,15
sj,2013,6,12
sj,2013,7,12
sj,2013,8,13
sj,2013,9,11
sj,2013,10,8
sj,2013,11,9
sj,2013,12,3
sj,2013,13,7
sj,2013,14,3
sj,2013,15,4
sj,2013,16,5
sj,2013,17,2
iq,2010,26,3
iq,2010,27,3
iq,2010,28,3
iq,2010,29,3
iq,2010,30,3
iq,2010,31,5
iq,2010,32,2
iq,2010,33,4
iq,2010,34,3
iq,2010,35,1
iq,2010,36,4
iq,2010,37,2
iq,2010,38,6
iq,2010,39,10
iq,2010,40,6
iq,2010,41,7
iq,2010,42,10
iq,2010,43,8
iq,2010,44,17
iq,2010,45,13
iq,2010,46,9
iq,2010,47,8
iq,2010,48,1
iq,2010,49,9
iq,2010,50,7
iq,2010,51,6
iq,2011,52,10
iq,2011,1,17
iq,2011,2,14
iq,2011,3,21
iq,2011,4,20
iq,2011,5,11
iq,2011,6,10
iq,2011,7,9
iq,2011,8,12
iq,2011,9,8
iq,2011,10,4
iq,2011,11,5
iq,2011,12,4
iq,2011,13,2
iq,2011,14,4
iq,2011,15,3
iq,2011,16,3
iq,2011,17,4
iq,2011,18,7
iq,2011,19,6
iq,2011,20,3
iq,2011,21,4
iq,2011,22,3
iq,2011,23,1
iq,2011,24,1
iq,2011,25,2
iq,2011,26,4
iq,2011,27,2
iq,2011,28,2
iq,2011,29,2
iq,2011,30,3
iq,2011,31,6
iq,2011,32,2
iq,2011,33,2
iq,2011,34,2
iq,2011,35,2
iq,2011,36,3
iq,2011,37,3
iq,2011,38,3
iq,2011,39,6
iq,2011,40,6
iq,2011,41,4
iq,2011,42,8
iq,2011,43,11
iq,2011,44,9
iq,2011,45,7
iq,2011,46,9
iq,2011,47,13
iq,2011,48,13
iq,2011,49,12
iq,2011,50,13
iq,2011,51,11
iq,2012,52,18
iq,2012,1,15
iq,2012,2,17
iq,2012,3,21
iq,2012,4,15
iq,2012,5,12
iq,2012,6,18
iq,2012,7,14
iq,2012,8,14
iq,2012,9,10
iq,2012,10,6
iq,2012,11,4
iq,2012,12,5
iq,2012,13,7
iq,2012,14,1
iq,2012,15,4
iq,2012,16,6
iq,2012,17,3
iq,2012,18,5
iq,2012,19,4
iq,2012,20,3
iq,2012,21,4
iq,2012,22,4
iq,2012,23,3
iq,2012,24,3
iq,2012,25,3
iq,2012,26,2
iq,2012,27,3
iq,2012,28,2
iq,2012,29,4
iq,2012,30,3
iq,2012,31,3
iq,2012,32,3
iq,2012,33,2
iq,2012,34,3
iq,2012,35,3
iq,2012,36,4
iq,2012,37,3
iq,2012,38,4
iq,2012,39,4
iq,2012,40,7
iq,2012,41,3
iq,2012,42,7
iq,2012,43,18
iq,2012,44,25
iq,2012,45,5
iq,2012,46,6
iq,2012,47,12
iq,2012,48,8
iq,2012,49,8
iq,2012,50,8
iq,2012,51,8
iq,2013,1,7
iq,2013,2,13
iq,2013,3,17
iq,2013,4,14
iq,2013,5,16
iq,2013,6,14
iq,2013,7,21
iq,2013,8,14
iq,2013,9,15
iq,2013,10,10
iq,2013,11,7
iq,2013,12,6
iq,2013,13,9
iq,2013,14,8
iq,2013,15,7
iq,2013,16,5
iq,2013,17,5
iq,2013,18,4
iq,2013,19,6
iq,2013,20,4
iq,2013,21,4
iq,2013,22,7
iq,2013,23,4
iq,2013,24,3
iq,2013,25,3
iq,2013,26,5
