city,year,weekofyear,total_cases
sj,2008,18,3
sj,2008,19,4
sj,2008,20,3
sj,2008,21,3
sj,2008,22,16
sj,2008,23,5
sj,2008,24,6
sj,2008,25,27
sj,2008,26,40
sj,2008,27,33
sj,2008,28,40
sj,2008,29,21
sj,2008,30,31
sj,2008,31,20
sj,2008,32,18
sj,2008,33,28
sj,2008,34,29
sj,2008,35,39
sj,2008,36,81
sj,2008,37,62
sj,2008,38,69
sj,2008,39,55
sj,2008,40,39
sj,2008,41,34
sj,2008,42,40
sj,2008,43,32
sj,2008,44,34
sj,2008,45,25
sj,2008,46,37
sj,2008,47,44
sj,2008,48,22
sj,2008,49,21
sj,2008,50,19
sj,2008,51,21
sj,2008,52,6
sj,2009,1,12
sj,2009,2,21
sj,2009,3,17
sj,2009,4,16
sj,2009,5,18
sj,2009,6,13
sj,2009,7,11
sj,2009,8,9
sj,2009,9,9
sj,2009,10,5
sj,2009,11,4
sj,2009,12,7
sj,2009,13,7
sj,2009,14,-4
sj,2009,15,6
sj,2009,16,5
sj,2009,17,5
sj,2009,18,4
sj,2009,19,4
sj,2009,20,1
sj,2009,21,8
sj,2009,22,19
sj,2009,23,7
sj,2009,24,2
sj,2009,25,10
sj,2009,26,28
sj,2009,27,10
sj,2009,28,17
sj,2009,29,59
sj,2009,30,29
sj,2009,31,45
sj,2009,32,48
sj,2009,33,46
sj,2009,34,42
sj,2009,35,43
sj,2009,36,70
sj,2009,37,42
sj,2009,38,45
sj,2009,39,56
sj,2009,40,64
sj,2009,41,41
sj,2009,42,66
sj,2009,43,61
sj,2009,44,69
sj,2009,45,49
sj,2009,46,37
sj,2009,47,42
sj,2009,48,38
sj,2009,49,23
sj,2009,50,22
sj,2009,51,14
sj,2009,52,14
sj,2010,53,19
sj,2010,1,22
sj,2010,2,33
sj,2010,3,20
sj,2010,4,11
sj,2010,5,13
sj,2010,6,19
sj,2010,7,13
sj,2010,8,15
sj,2010,9,9
sj,2010,10,8
sj,2010,11,1
sj,2010,12,10
sj,2010,13,-4
sj,2010,14,5
sj,2010,15,1
sj,2010,16,11
sj,2010,17,4
sj,2010,18,2
sj,2010,19,4
sj,2010,20,16
sj,2010,21,20
sj,2010,22,26
sj,2010,23,63
sj,2010,24,46
sj,2010,25,66
sj,2010,26,59
sj,2010,27,72
sj,2010,28,53
sj,2010,29,29
sj,2010,30,34
sj,2010,31,58
sj,2010,32,54
sj,2010,33,57
sj,2010,34,75
sj,2010,35,99
sj,2010,36,97
sj,2010,37,84
sj,2010,38,77
sj,2010,39,82
sj,2010,40,63
sj,2010,41,67
sj,2010,42,61
sj,2010,43,51
sj,2010,44,61
sj,2010,45,37
sj,2010,46,39
sj,2010,47,31
sj,2010,48,18
sj,2010,49,-5
sj,2010,50,20
sj,2010,51,16
sj,2011,52,2
sj,2011,1,10
sj,2011,2,10
sj,2011,3,13
sj,2011,4,11
sj,2011,5,12
sj,2011,6,14
sj,2011,7,11
sj,2011,8,13
sj,2011,9,9
sj,2011,10,7
sj,2011,11,4
sj,2011,12,7
sj,2011,13,0
sj,2011,14,3
sj,2011,15,3
sj,2011,16,5
sj,2011,17,4
sj,2011,18,6
sj,2011,19,7
sj,2011,20,3
sj,2011,21,4
sj,2011,22,8
sj,2011,23,9
sj,2011,24,2
sj,2011,25,32
sj,2011,26,35
sj,2011,27,33
sj,2011,28,23
sj,2011,29,34
sj,2011,30,23
sj,2011,31,21
sj,2011,32,32
sj,2011,33,35
sj,2011,34,65
sj,2011,35,44
sj,2011,36,43
sj,2011,37,74
sj,2011,38,49
sj,2011,39,25
sj,2011,40,60
sj,2011,41,58
sj,2011,42,21
sj,2011,43,25
sj,2011,44,21
sj,2011,45,22
sj,2011,46,30
sj,2011,47,25
sj,2011,48,27
sj,2011,49,11
sj,2011,50,16
sj,2011,51,16
sj,2012,52,9
sj,2012,1,20
sj,2012,2,13
sj,2012,3,2
sj,2012,4,20
sj,2012,5,16
sj,2012,6,13
sj,2012,7,10
sj,2012,8,11
sj,2012,9,11
sj,2012,10,8
sj,2012,11,3
sj,2012,12,4
sj,2012,13,0
sj,2012,14,4
sj,2012,15,4
sj,2012,16,0
sj,2012,17,3
sj,2012,18,0
sj,2012,19,0
sj,2012,20,10
sj,2012,21,15
sj,2012,22,5
sj,2012,23,32
sj,2012,24,3
sj,2012,25,0
sj,2012,26,0
sj,2012,27,4
sj,2012,28,-4
sj,2012,29,-5
sj,2012,30,9
sj,2012,31,23
sj,2012,32,36
sj,2012,33,28
sj,2012,34,28
sj,2012,35,42
sj,2012,36,28
sj,2012,37,66
sj,2012,38,28
sj,2012,39,41
sj,2012,40,72
sj,2012,41,48
sj,2012,42,20
sj,2012,43,21
sj,2012,44,19
sj,2012,45,15
sj,2012,46,25
sj,2012,47,15
sj,2012,48,32
sj,2012,49,45
sj,2012,50,12
sj,2012,51,5
sj,2013,1,7
sj,2013,2,16
sj,2013,3,17
sj,2013,4,16
sj,2013,5,10
sj,2013,6,17
sj,2013,7,9
sj,2013,8,10
sj,2013,9,8
sj,2013,10,9
sj,2013,11,4
sj,2013,12,6
sj,2013,13,8
sj,2013,14,2
sj,2013,15,4
sj,2013,16,1
sj,2013,17,3
iq,2010,26,5
iq,2010,27,1
iq,2010,28,3
iq,2010,29,1
iq,2010,30,4
iq,2010,31,0
iq,2010,32,-10
iq,2010,33,2
iq,2010,34,-1
iq,2010,35,-1
iq,2010,36,3
iq,2010,37,4
iq,2010,38,15
iq,2010,39,16
iq,2010,40,12
iq,2010,41,15
iq,2010,42,12
iq,2010,43,18
iq,2010,44,7
iq,2010,45,17
iq,2010,46,19
iq,2010,47,17
iq,2010,48,12
iq,2010,49,13
iq,2010,50,14
iq,2010,51,15
iq,2011,52,12
iq,2011,1,11
iq,2011,2,16
iq,2011,3,17
iq,2011,4,14
iq,2011,5,8
iq,2011,6,11
iq,2011,7,6
iq,2011,8,6
iq,2011,9,9
iq,2011,10,4
iq,2011,11,4
iq,2011,12,4
iq,2011,13,4
iq,2011,14,5
iq,2011,15,4
iq,2011,16,6
iq,2011,17,1
iq,2011,18,4
iq,2011,19,4
iq,2011,20,5
iq,2011,21,3
iq,2011,22,4
iq,2011,23,3
iq,2011,24,0
iq,2011,25,1
iq,2011,26,1
iq,2011,27,0
iq,2011,28,1
iq,2011,29,1
iq,2011,30,1
iq,2011,31,1
iq,2011,32,2
iq,2011,33,4
iq,2011,34,4
iq,2011,35,3
iq,2011,36,2
iq,2011,37,4
iq,2011,38,5
iq,2011,39,6
iq,2011,40,11
iq,2011,41,6
iq,2011,42,12
iq,2011,43,10
iq,2011,44,8
iq,2011,45,15
iq,2011,46,13
iq,2011,47,11
iq,2011,48,8
iq,2011,49,15
iq,2011,50,17
iq,2011,51,12
iq,2012,52,16
iq,2012,1,22
iq,2012,2,20
iq,2012,3,20
iq,2012,4,20
iq,2012,5,18
iq,2012,6,15
iq,2012,7,12
iq,2012,8,11
iq,2012,9,10
iq,2012,10,5
iq,2012,11,3
iq,2012,12,2
iq,2012,13,3
iq,2012,14,3
iq,2012,15,3
iq,2012,16,6
iq,2012,17,4
iq,2012,18,1
iq,2012,19,5
iq,2012,20,1
iq,2012,21,2
iq,2012,22,2
iq,2012,23,5
iq,2012,24,4
iq,2012,25,2
iq,2012,26,0
iq,2012,27,1
iq,2012,28,2
iq,2012,29,1
iq,2012,30,0
iq,2012,31,4
iq,2012,32,4
iq,2012,33,4
iq,2012,34,2
iq,2012,35,1
iq,2012,36,3
iq,2012,37,6
iq,2012,38,7
iq,2012,39,3
iq,2012,40,9
iq,2012,41,7
iq,2012,42,13
iq,2012,43,23
iq,2012,44,19
iq,2012,45,11
iq,2012,46,14
iq,2012,47,11
iq,2012,48,11
iq,2012,49,18
iq,2012,50,12
iq,2012,51,7
iq,2013,1,8
iq,2013,2,19
iq,2013,3,24
iq,2013,4,18
iq,2013,5,17
iq,2013,6,16
iq,2013,7,16
iq,2013,8,19
iq,2013,9,14
iq,2013,10,16
iq,2013,11,6
iq,2013,12,8
iq,2013,13,12
iq,2013,14,7
iq,2013,15,5
iq,2013,16,5
iq,2013,17,2
iq,2013,18,4
iq,2013,19,7
iq,2013,20,3
iq,2013,21,1
iq,2013,22,0
iq,2013,23,4
iq,2013,24,3
iq,2013,25,2
iq,2013,26,3
