city,year,weekofyear,total_cases
sj,2008,18,4
sj,2008,19,3
sj,2008,20,3
sj,2008,21,4
sj,2008,22,11
sj,2008,23,11
sj,2008,24,6
sj,2008,25,21
sj,2008,26,16
sj,2008,27,24
sj,2008,28,20
sj,2008,29,27
sj,2008,30,24
sj,2008,31,26
sj,2008,32,25
sj,2008,33,36
sj,2008,34,37
sj,2008,35,34
sj,2008,36,56
sj,2008,37,86
sj,2008,38,74
sj,2008,39,62
sj,2008,40,56
sj,2008,41,41
sj,2008,42,48
sj,2008,43,36
sj,2008,44,27
sj,2008,45,34
sj,2008,46,33
sj,2008,47,25
sj,2008,48,22
sj,2008,49,28
sj,2008,50,21
sj,2008,51,12
sj,2008,52,13
sj,2009,1,13
sj,2009,2,12
sj,2009,3,23
sj,2009,4,15
sj,2009,5,14
sj,2009,6,9
sj,2009,7,12
sj,2009,8,10
sj,2009,9,10
sj,2009,10,7
sj,2009,11,7
sj,2009,12,4
sj,2009,13,3
sj,2009,14,3
sj,2009,15,6
sj,2009,16,4
sj,2009,17,4
sj,2009,18,5
sj,2009,19,3
sj,2009,20,5
sj,2009,21,4
sj,2009,22,6
sj,2009,23,5
sj,2009,24,8
sj,2009,25,8
sj,2009,26,18
sj,2009,27,11
sj,2009,28,11
sj,2009,29,16
sj,2009,30,17
sj,2009,31,28
sj,2009,32,27
sj,2009,33,28
sj,2009,34,51
sj,2009,35,35
sj,2009,36,25
sj,2009,37,34
sj,2009,38,34
sj,2009,39,45
sj,2009,40,41
sj,2009,41,45
sj,2009,42,55
sj,2009,43,49
sj,2009,44,41
sj,2009,45,28
sj,2009,46,28
sj,2009,47,33
sj,2009,48,25
sj,2009,49,15
sj,2009,50,19
sj,2009,51,21
sj,2009,52,16
sj,2010,53,29
sj,2010,1,26
sj,2010,2,26
sj,2010,3,23
sj,2010,4,10
sj,2010,5,13
sj,2010,6,15
sj,2010,7,14
sj,2010,8,13
sj,2010,9,10
sj,2010,10,6
sj,2010,11,7
sj,2010,12,5
sj,2010,13,11
sj,2010,14,8
sj,2010,15,4
sj,2010,16,3
sj,2010,17,7
sj,2010,18,2
sj,2010,19,3
sj,2010,20,10
sj,2010,21,8
sj,2010,22,20
sj,2010,23,37
sj,2010,24,62
sj,2010,25,47
sj,2010,26,82
sj,2010,27,77
sj,2010,28,87
sj,2010,29,45
sj,2010,30,50
sj,2010,31,72
sj,2010,32,69
sj,2010,33,62
sj,2010,34,92
sj,2010,35,143
sj,2010,36,141
sj,2010,37,114
sj,2010,38,128
sj,2010,39,90
sj,2010,40,86
sj,2010,41,71
sj,2010,42,60
sj,2010,43,43
sj,2010,44,45
sj,2010,45,36
sj,2010,46,33
sj,2010,47,33
sj,2010,48,18
sj,2010,49,16
sj,2010,50,13
sj,2010,51,15
sj,2011,52,7
sj,2011,1,11
sj,2011,2,17
sj,2011,3,12
sj,2011,4,13
sj,2011,5,13
sj,2011,6,13
sj,2011,7,12
sj,2011,8,11
sj,2011,9,10
sj,2011,10,4
sj,2011,11,6
sj,2011,12,5
sj,2011,13,3
sj,2011,14,3
sj,2011,15,3
sj,2011,16,5
sj,2011,17,4
sj,2011,18,5
sj,2011,19,4
sj,2011,20,5
sj,2011,21,5
sj,2011,22,4
sj,2011,23,3
sj,2011,24,5
sj,2011,25,7
sj,2011,26,63
sj,2011,27,39
sj,2011,28,41
sj,2011,29,32
sj,2011,30,34
sj,2011,31,37
sj,2011,32,35
sj,2011,33,57
sj,2011,34,66
sj,2011,35,56
sj,2011,36,56
sj,2011,37,57
sj,2011,38,64
sj,2011,39,37
sj,2011,40,55
sj,2011,41,52
sj,2011,42,39
sj,2011,43,26
sj,2011,44,31
sj,2011,45,11
sj,2011,46,11
sj,2011,47,14
sj,2011,48,17
sj,2011,49,13
sj,2011,50,14
sj,2011,51,15
sj,2012,52,13
sj,2012,1,15
sj,2012,2,15
sj,2012,3,15
sj,2012,4,15
sj,2012,5,15
sj,2012,6,10
sj,2012,7,10
sj,2012,8,12
sj,2012,9,10
sj,2012,10,6
sj,2012,11,6
sj,2012,12,5
sj,2012,13,6
sj,2012,14,4
sj,2012,15,4
sj,2012,16,6
sj,2012,17,7
sj,2012,18,5
sj,2012,19,7
sj,2012,20,5
sj,2012,21,4
sj,2012,22,11
sj,2012,23,11
sj,2012,24,40
sj,2012,25,39
sj,2012,26,38
sj,2012,27,13
sj,2012,28,20
sj,2012,29,25
sj,2012,30,21
sj,2012,31,26
sj,2012,32,25
sj,2012,33,40
sj,2012,34,36
sj,2012,35,27
sj,2012,36,23
sj,2012,37,47
sj,2012,38,51
sj,2012,39,52
sj,2012,40,75
sj,2012,41,38
sj,2012,42,36
sj,2012,43,29
sj,2012,44,24
sj,2012,45,19
sj,2012,46,26
sj,2012,47,31
sj,2012,48,18
sj,2012,49,20
sj,2012,50,13
sj,2012,51,17
sj,2013,1,19
sj,2013,2,12
sj,2013,3,14
sj,2013,4,15
sj,2013,5,15
sj,2013,6,13
sj,2013,7,12
sj,2013,8,12
sj,2013,9,13
sj,2013,10,7
sj,2013,11,8
sj,2013,12,5
sj,2013,13,7
sj,2013,14,4
sj,2013,15,4
sj,2013,16,4
sj,2013,17,4
iq,2010,26,3
iq,2010,27,2
iq,2010,28,1
iq,2010,29,1
iq,2010,30,2
iq,2010,31,2
iq,2010,32,3
iq,2010,33,3
iq,2010,34,2
iq,2010,35,2
iq,2010,36,3
iq,2010,37,1
iq,2010,38,3
iq,2010,39,5
iq,2010,40,5
iq,2010,41,7
iq,2010,42,3
iq,2010,43,6
iq,2010,44,8
iq,2010,45,7
iq,2010,46,9
iq,2010,47,7
iq,2010,48,5
iq,2010,49,14
iq,2010,50,7
iq,2010,51,4
iq,2011,52,8
iq,2011,1,18
iq,2011,2,23
iq,2011,3,16
iq,2011,4,17
iq,2011,5,9
iq,2011,6,10
iq,2011,7,11
iq,2011,8,16
iq,2011,9,11
iq,2011,10,7
iq,2011,11,5
iq,2011,12,5
iq,2011,13,5
iq,2011,14,4
iq,2011,15,5
iq,2011,16,4
iq,2011,17,5
iq,2011,18,5
iq,2011,19,7
iq,2011,20,3
iq,2011,21,3
iq,2011,22,2
iq,2011,23,2
iq,2011,24,2
iq,2011,25,1
iq,2011,26,1
iq,2011,27,1
iq,2011,28,0
iq,2011,29,1
iq,2011,30,1
iq,2011,31,5
iq,2011,32,2
iq,2011,33,2
iq,2011,34,2
iq,2011,35,2
iq,2011,36,1
iq,2011,37,3
iq,2011,38,2
iq,2011,39,4
iq,2011,40,5
iq,2011,41,3
iq,2011,42,8
iq,2011,43,4
iq,2011,44,5
iq,2011,45,4
iq,2011,46,6
iq,2011,47,8
iq,2011,48,5
iq,2011,49,5
iq,2011,50,11
iq,2011,51,7
iq,2012,52,8
iq,2012,1,11
iq,2012,2,10
iq,2012,3,18
iq,2012,4,12
iq,2012,5,13
iq,2012,6,17
iq,2012,7,13
iq,2012,8,17
iq,2012,9,11
iq,2012,10,6
iq,2012,11,4
iq,2012,12,4
iq,2012,13,3
iq,2012,14,2
iq,2012,15,4
iq,2012,16,6
iq,2012,17,5
iq,2012,18,3
iq,2012,19,2
iq,2012,20,2
iq,2012,21,3
iq,2012,22,2
iq,2012,23,3
iq,2012,24,2
iq,2012,25,1
iq,2012,26,2
iq,2012,27,2
iq,2012,28,1
iq,2012,29,3
iq,2012,30,2
iq,2012,31,3
iq,2012,32,2
iq,2012,33,1
iq,2012,34,2
iq,2012,35,3
iq,2012,36,3
iq,2012,37,2
iq,2012,38,3
iq,2012,39,2
iq,2012,40,4
iq,2012,41,4
iq,2012,42,7
iq,2012,43,20
iq,2012,44,11
iq,2012,45,7
iq,2012,46,4
iq,2012,47,11
iq,2012,48,8
iq,2012,49,9
iq,2012,50,6
iq,2012,51,3
iq,2013,1,16
iq,2013,2,19
iq,2013,3,22
iq,2013,4,21
iq,2013,5,20
iq,2013,6,18
iq,2013,7,20
iq,2013,8,16
iq,2013,9,13
iq,2013,10,12
iq,2013,11,8
iq,2013,12,10
iq,2013,13,14
iq,2013,14,5
iq,2013,15,7
iq,2013,16,7
iq,2013,17,7
iq,2013,18,3
iq,2013,19,4
iq,2013,20,4
iq,2013,21,6
iq,2013,22,4
iq,2013,23,2
iq,2013,24,3
iq,2013,25,3
iq,2013,26,4
