city,year,weekofyear,total_cases
sj,2008,18,4
sj,2008,19,4
sj,2008,20,6
sj,2008,21,3
sj,2008,22,15
sj,2008,23,9
sj,2008,24,8
sj,2008,25,29
sj,2008,26,38
sj,2008,27,42
sj,2008,28,47
sj,2008,29,25
sj,2008,30,37
sj,2008,31,24
sj,2008,32,32
sj,2008,33,37
sj,2008,34,35
sj,2008,35,53
sj,2008,36,94
sj,2008,37,70
sj,2008,38,74
sj,2008,39,65
sj,2008,40,37
sj,2008,41,48
sj,2008,42,38
sj,2008,43,33
sj,2008,44,35
sj,2008,45,34
sj,2008,46,31
sj,2008,47,41
sj,2008,48,21
sj,2008,49,21
sj,2008,50,17
sj,2008,51,5
sj,2008,52,4
sj,2009,1,11
sj,2009,2,20
sj,2009,3,19
sj,2009,4,11
sj,2009,5,16
sj,2009,6,14
sj,2009,7,13
sj,2009,8,10
sj,2009,9,11
sj,2009,10,6
sj,2009,11,4
sj,2009,12,5
sj,2009,13,3
sj,2009,14,-5
sj,2009,15,6
sj,2009,16,3
sj,2009,17,5
sj,2009,18,4
sj,2009,19,1
sj,2009,20,2
sj,2009,21,7
sj,2009,22,19
sj,2009,23,7
sj,2009,24,3
sj,2009,25,12
sj,2009,26,31
sj,2009,27,10
sj,2009,28,15
sj,2009,29,60
sj,2009,30,30
sj,2009,31,35
sj,2009,32,36
sj,2009,33,37
sj,2009,34,36
sj,2009,35,51
sj,2009,36,68
sj,2009,37,29
sj,2009,38,47
sj,2009,39,51
sj,2009,40,50
sj,2009,41,41
sj,2009,42,55
sj,2009,43,59
sj,2009,44,81
sj,2009,45,67
sj,2009,46,47
sj,2009,47,50
sj,2009,48,45
sj,2009,49,21
sj,2009,50,17
sj,2009,51,15
sj,2009,52,12
sj,2010,53,12
sj,2010,1,18
sj,2010,2,30
sj,2010,3,19
sj,2010,4,11
sj,2010,5,13
sj,2010,6,19
sj,2010,7,14
sj,2010,8,14
sj,2010,9,10
sj,2010,10,7
sj,2010,11,2
sj,2010,12,8
sj,2010,13,0
sj,2010,14,6
sj,2010,15,2
sj,2010,16,8
sj,2010,17,7
sj,2010,18,5
sj,2010,19,1
sj,2010,20,15
sj,2010,21,14
sj,2010,22,41
sj,2010,23,72
sj,2010,24,39
sj,2010,25,82
sj,2010,26,73
sj,2010,27,79
sj,2010,28,66
sj,2010,29,38
sj,2010,30,43
sj,2010,31,59
sj,2010,32,60
sj,2010,33,66
sj,2010,34,85
sj,2010,35,103
sj,2010,36,91
sj,2010,37,82
sj,2010,38,74
sj,2010,39,56
sj,2010,40,56
sj,2010,41,61
sj,2010,42,69
sj,2010,43,66
sj,2010,44,70
sj,2010,45,34
sj,2010,46,30
sj,2010,47,25
sj,2010,48,16
sj,2010,49,-7
sj,2010,50,18
sj,2010,51,17
sj,2011,52,7
sj,2011,1,8
sj,2011,2,6
sj,2011,3,13
sj,2011,4,6
sj,2011,5,13
sj,2011,6,14
sj,2011,7,9
sj,2011,8,14
sj,2011,9,12
sj,2011,10,8
sj,2011,11,3
sj,2011,12,5
sj,2011,13,1
sj,2011,14,3
sj,2011,15,3
sj,2011,16,7
sj,2011,17,2
sj,2011,18,7
sj,2011,19,4
sj,2011,20,3
sj,2011,21,8
sj,2011,22,7
sj,2011,23,10
sj,2011,24,12
sj,2011,25,36
sj,2011,26,50
sj,2011,27,43
sj,2011,28,26
sj,2011,29,24
sj,2011,30,38
sj,2011,31,22
sj,2011,32,41
sj,2011,33,33
sj,2011,34,76
sj,2011,35,46
sj,2011,36,33
sj,2011,37,62
sj,2011,38,46
sj,2011,39,34
sj,2011,40,62
sj,2011,41,64
sj,2011,42,22
sj,2011,43,18
sj,2011,44,21
sj,2011,45,22
sj,2011,46,23
sj,2011,47,28
sj,2011,48,21
sj,2011,49,11
sj,2011,50,17
sj,2011,51,17
sj,2012,52,10
sj,2012,1,17
sj,2012,2,13
sj,2012,3,0
sj,2012,4,20
sj,2012,5,13
sj,2012,6,11
sj,2012,7,10
sj,2012,8,11
sj,2012,9,11
sj,2012,10,8
sj,2012,11,2
sj,2012,12,4
sj,2012,13,4
sj,2012,14,2
sj,2012,15,0
sj,2012,16,4
sj,2012,17,4
sj,2012,18,4
sj,2012,19,2
sj,2012,20,11
sj,2012,21,19
sj,2012,22,3
sj,2012,23,28
sj,2012,24,2
sj,2012,25,10
sj,2012,26,8
sj,2012,27,14
sj,2012,28,11
sj,2012,29,4
sj,2012,30,8
sj,2012,31,16
sj,2012,32,30
sj,2012,33,29
sj,2012,34,18
sj,2012,35,36
sj,2012,36,25
sj,2012,37,60
sj,2012,38,31
sj,2012,39,51
sj,2012,40,78
sj,2012,41,54
sj,2012,42,23
sj,2012,43,17
sj,2012,44,15
sj,2012,45,19
sj,2012,46,25
sj,2012,47,18
sj,2012,48,41
sj,2012,49,40
sj,2012,50,11
sj,2012,51,8
sj,2013,1,11
sj,2013,2,16
sj,2013,3,22
sj,2013,4,14
sj,2013,5,12
sj,2013,6,20
sj,2013,7,11
sj,2013,8,10
sj,2013,9,12
sj,2013,10,9
sj,2013,11,3
sj,2013,12,5
sj,2013,13,8
sj,2013,14,3
sj,2013,15,6
sj,2013,16,0
sj,2013,17,4
iq,2010,26,4
iq,2010,27,2
iq,2010,28,2
iq,2010,29,2
iq,2010,30,2
iq,2010,31,2
iq,2010,32,-16
iq,2010,33,2
iq,2010,34,0
iq,2010,35,0
iq,2010,36,4
iq,2010,37,2
iq,2010,38,16
iq,2010,39,16
iq,2010,40,17
iq,2010,41,17
iq,2010,42,17
iq,2010,43,12
iq,2010,44,12
iq,2010,45,17
iq,2010,46,12
iq,2010,47,16
iq,2010,48,7
iq,2010,49,12
iq,2010,50,17
iq,2010,51,15
iq,2011,52,12
iq,2011,1,15
iq,2011,2,17
iq,2011,3,14
iq,2011,4,15
iq,2011,5,8
iq,2011,6,10
iq,2011,7,9
iq,2011,8,7
iq,2011,9,8
iq,2011,10,6
iq,2011,11,4
iq,2011,12,7
iq,2011,13,5
iq,2011,14,1
iq,2011,15,3
iq,2011,16,5
iq,2011,17,2
iq,2011,18,3
iq,2011,19,4
iq,2011,20,5
iq,2011,21,1
iq,2011,22,3
iq,2011,23,2
iq,2011,24,0
iq,2011,25,1
iq,2011,26,2
iq,2011,27,0
iq,2011,28,0
iq,2011,29,1
iq,2011,30,2
iq,2011,31,1
iq,2011,32,3
iq,2011,33,2
iq,2011,34,6
iq,2011,35,0
iq,2011,36,0
iq,2011,37,0
iq,2011,38,2
iq,2011,39,6
iq,2011,40,8
iq,2011,41,7
iq,2011,42,10
iq,2011,43,7
iq,2011,44,9
iq,2011,45,15
iq,2011,46,13
iq,2011,47,15
iq,2011,48,14
iq,2011,49,19
iq,2011,50,18
iq,2011,51,15
iq,2012,52,16
iq,2012,1,21
iq,2012,2,21
iq,2012,3,21
iq,2012,4,22
iq,2012,5,19
iq,2012,6,17
iq,2012,7,17
iq,2012,8,14
iq,2012,9,12
iq,2012,10,7
iq,2012,11,4
iq,2012,12,4
iq,2012,13,4
iq,2012,14,2
iq,2012,15,5
iq,2012,16,4
iq,2012,17,5
iq,2012,18,2
iq,2012,19,4
iq,2012,20,2
iq,2012,21,3
iq,2012,22,2
iq,2012,23,2
iq,2012,24,3
iq,2012,25,3
iq,2012,26,2
iq,2012,27,2
iq,2012,28,3
iq,2012,29,1
iq,2012,30,1
iq,2012,31,4
iq,2012,32,3
iq,2012,33,3
iq,2012,34,4
iq,2012,35,2
iq,2012,36,4
iq,2012,37,6
iq,2012,38,7
iq,2012,39,5
iq,2012,40,11
iq,2012,41,9
iq,2012,42,10
iq,2012,43,18
iq,2012,44,14
iq,2012,45,13
iq,2012,46,11
iq,2012,47,12
iq,2012,48,13
iq,2012,49,15
iq,2012,50,8
iq,2012,51,0
iq,2013,1,6
iq,2013,2,23
iq,2013,3,21
iq,2013,4,22
iq,2013,5,23
iq,2013,6,17
iq,2013,7,16
iq,2013,8,19
iq,2013,9,15
iq,2013,10,14
iq,2013,11,6
iq,2013,12,5
iq,2013,13,11
iq,2013,14,6
iq,2013,15,4
iq,2013,16,4
iq,2013,17,2
iq,2013,18,2
iq,2013,19,7
iq,2013,20,2
iq,2013,21,0
iq,2013,22,0
iq,2013,23,3
iq,2013,24,2
iq,2013,25,2
iq,2013,26,2
