city,year,weekofyear,total_cases
sj,2008,18,4
sj,2008,19,5
sj,2008,20,5
sj,2008,21,1
sj,2008,22,14
sj,2008,23,5
sj,2008,24,10
sj,2008,25,18
sj,2008,26,38
sj,2008,27,33
sj,2008,28,34
sj,2008,29,22
sj,2008,30,34
sj,2008,31,26
sj,2008,32,29
sj,2008,33,33
sj,2008,34,34
sj,2008,35,53
sj,2008,36,94
sj,2008,37,72
sj,2008,38,73
sj,2008,39,65
sj,2008,40,28
sj,2008,41,44
sj,2008,42,42
sj,2008,43,27
sj,2008,44,35
sj,2008,45,30
sj,2008,46,35
sj,2008,47,38
sj,2008,48,26
sj,2008,49,19
sj,2008,50,16
sj,2008,51,7
sj,2008,52,5
sj,2009,1,14
sj,2009,2,19
sj,2009,3,20
sj,2009,4,14
sj,2009,5,17
sj,2009,6,15
sj,2009,7,10
sj,2009,8,11
sj,2009,9,10
sj,2009,10,7
sj,2009,11,2
sj,2009,12,6
sj,2009,13,2
sj,2009,14,-7
sj,2009,15,6
sj,2009,16,4
sj,2009,17,7
sj,2009,18,5
sj,2009,19,3
sj,2009,20,1
sj,2009,21,4
sj,2009,22,19
sj,2009,23,9
sj,2009,24,0
sj,2009,25,9
sj,2009,26,30
sj,2009,27,3
sj,2009,28,18
sj,2009,29,58
sj,2009,30,31
sj,2009,31,40
sj,2009,32,36
sj,2009,33,34
sj,2009,34,34
sj,2009,35,35
sj,2009,36,61
sj,2009,37,29
sj,2009,38,40
sj,2009,39,45
sj,2009,40,46
sj,2009,41,41
sj,2009,42,56
sj,2009,43,52
sj,2009,44,68
sj,2009,45,60
sj,2009,46,39
sj,2009,47,53
sj,2009,48,49
sj,2009,49,26
sj,2009,50,25
sj,2009,51,18
sj,2009,52,14
sj,2010,53,17
sj,2010,1,25
sj,2010,2,35
sj,2010,3,20
sj,2010,4,13
sj,2010,5,12
sj,2010,6,16
sj,2010,7,12
sj,2010,8,13
sj,2010,9,9
sj,2010,10,6
sj,2010,11,2
sj,2010,12,5
sj,2010,13,-2
sj,2010,14,6
sj,2010,15,3
sj,2010,16,10
sj,2010,17,7
sj,2010,18,2
sj,2010,19,1
sj,2010,20,14
sj,2010,21,20
sj,2010,22,44
sj,2010,23,68
sj,2010,24,39
sj,2010,25,82
sj,2010,26,71
sj,2010,27,72
sj,2010,28,62
sj,2010,29,36
sj,2010,30,38
sj,2010,31,55
sj,2010,32,60
sj,2010,33,62
sj,2010,34,75
sj,2010,35,99
sj,2010,36,89
sj,2010,37,73
sj,2010,38,77
sj,2010,39,56
sj,2010,40,55
sj,2010,41,65
sj,2010,42,61
sj,2010,43,55
sj,2010,44,67
sj,2010,45,33
sj,2010,46,30
sj,2010,47,22
sj,2010,48,16
sj,2010,49,-9
sj,2010,50,18
sj,2010,51,12
sj,2011,52,7
sj,2011,1,8
sj,2011,2,9
sj,2011,3,10
sj,2011,4,8
sj,2011,5,16
sj,2011,6,14
sj,2011,7,12
sj,2011,8,13
sj,2011,9,7
sj,2011,10,5
sj,2011,11,4
sj,2011,12,5
sj,2011,13,0
sj,2011,14,3
sj,2011,15,3
sj,2011,16,6
sj,2011,17,0
sj,2011,18,4
sj,2011,19,2
sj,2011,20,5
sj,2011,21,8
sj,2011,22,5
sj,2011,23,10
sj,2011,24,15
sj,2011,25,36
sj,2011,26,55
sj,2011,27,44
sj,2011,28,19
sj,2011,29,26
sj,2011,30,33
sj,2011,31,16
sj,2011,32,42
sj,2011,33,37
sj,2011,34,77
sj,2011,35,44
sj,2011,36,30
sj,2011,37,71
sj,2011,38,47
sj,2011,39,35
sj,2011,40,61
sj,2011,41,60
sj,2011,42,24
sj,2011,43,19
sj,2011,44,22
sj,2011,45,23
sj,2011,46,26
sj,2011,47,30
sj,2011,48,30
sj,2011,49,11
sj,2011,50,17
sj,2011,51,12
sj,2012,52,7
sj,2012,1,19
sj,2012,2,14
sj,2012,3,-1
sj,2012,4,20
sj,2012,5,15
sj,2012,6,12
sj,2012,7,9
sj,2012,8,12
sj,2012,9,7
sj,2012,10,6
sj,2012,11,3
sj,2012,12,3
sj,2012,13,2
sj,2012,14,3
sj,2012,15,0
sj,2012,16,0
sj,2012,17,3
sj,2012,18,0
sj,2012,19,1
sj,2012,20,8
sj,2012,21,21
sj,2012,22,0
sj,2012,23,26
sj,2012,24,4
sj,2012,25,3
sj,2012,26,3
sj,2012,27,0
sj,2012,28,0
sj,2012,29,-5
sj,2012,30,7
sj,2012,31,10
sj,2012,32,25
sj,2012,33,24
sj,2012,34,16
sj,2012,35,35
sj,2012,36,14
sj,2012,37,56
sj,2012,38,30
sj,2012,39,35
sj,2012,40,66
sj,2012,41,45
sj,2012,42,16
sj,2012,43,6
sj,2012,44,9
sj,2012,45,1
sj,2012,46,9
sj,2012,47,17
sj,2012,48,36
sj,2012,49,44
sj,2012,50,10
sj,2012,51,9
sj,2013,1,8
sj,2013,2,17
sj,2013,3,21
sj,2013,4,16
sj,2013,5,10
sj,2013,6,21
sj,2013,7,10
sj,2013,8,8
sj,2013,9,11
sj,2013,10,12
sj,2013,11,4
sj,2013,12,6
sj,2013,13,9
sj,2013,14,2
sj,2013,15,4
sj,2013,16,0
sj,2013,17,8
iq,2010,26,3
iq,2010,27,2
iq,2010,28,2
iq,2010,29,0
iq,2010,30,4
iq,2010,31,0
iq,2010,32,-15
iq,2010,33,1
iq,2010,34,2
iq,2010,35,3
iq,2010,36,4
iq,2010,37,5
iq,2010,38,18
iq,2010,39,18
iq,2010,40,17
iq,2010,41,19
iq,2010,42,16
iq,2010,43,17
iq,2010,44,13
iq,2010,45,15
iq,2010,46,15
iq,2010,47,21
iq,2010,48,7
iq,2010,49,13
iq,2010,50,19
iq,2010,51,13
iq,2011,52,14
iq,2011,1,17
iq,2011,2,17
iq,2011,3,17
iq,2011,4,13
iq,2011,5,7
iq,2011,6,11
iq,2011,7,8
iq,2011,8,8
iq,2011,9,8
iq,2011,10,8
iq,2011,11,8
iq,2011,12,8
iq,2011,13,8
iq,2011,14,6
iq,2011,15,6
iq,2011,16,7
iq,2011,17,4
iq,2011,18,9
iq,2011,19,6
iq,2011,20,7
iq,2011,21,4
iq,2011,22,3
iq,2011,23,4
iq,2011,24,3
iq,2011,25,1
iq,2011,26,3
iq,2011,27,1
iq,2011,28,4
iq,2011,29,3
iq,2011,30,3
iq,2011,31,5
iq,2011,32,3
iq,2011,33,4
iq,2011,34,8
iq,2011,35,4
iq,2011,36,1
iq,2011,37,2
iq,2011,38,6
iq,2011,39,9
iq,2011,40,8
iq,2011,41,6
iq,2011,42,14
iq,2011,43,10
iq,2011,44,11
iq,2011,45,15
iq,2011,46,13
iq,2011,47,12
iq,2011,48,14
iq,2011,49,22
iq,2011,50,20
iq,2011,51,15
iq,2012,52,17
iq,2012,1,19
iq,2012,2,19
iq,2012,3,21
iq,2012,4,22
iq,2012,5,19
iq,2012,6,17
iq,2012,7,14
iq,2012,8,12
iq,2012,9,6
iq,2012,10,7
iq,2012,11,4
iq,2012,12,2
iq,2012,13,4
iq,2012,14,2
iq,2012,15,4
iq,2012,16,5
iq,2012,17,5
iq,2012,18,2
iq,2012,19,5
iq,2012,20,2
iq,2012,21,3
iq,2012,22,1
iq,2012,23,3
iq,2012,24,2
iq,2012,25,3
iq,2012,26,1
iq,2012,27,1
iq,2012,28,1
iq,2012,29,3
iq,2012,30,3
iq,2012,31,6
iq,2012,32,3
iq,2012,33,4
iq,2012,34,5
iq,2012,35,4
iq,2012,36,5
iq,2012,37,8
iq,2012,38,6
iq,2012,39,6
iq,2012,40,9
iq,2012,41,5
iq,2012,42,13
iq,2012,43,20
iq,2012,44,21
iq,2012,45,13
iq,2012,46,14
iq,2012,47,15
iq,2012,48,17
iq,2012,49,14
iq,2012,50,11
iq,2012,51,4
iq,2013,1,6
iq,2013,2,21
iq,2013,3,24
iq,2013,4,17
iq,2013,5,25
iq,2013,6,19
iq,2013,7,18
iq,2013,8,18
iq,2013,9,13
iq,2013,10,16
iq,2013,11,10
iq,2013,12,10
iq,2013,13,14
iq,2013,14,6
iq,2013,15,4
iq,2013,16,4
iq,2013,17,2
iq,2013,18,4
iq,2013,19,8
iq,2013,20,3
iq,2013,21,3
iq,2013,22,2
iq,2013,23,2
iq,2013,24,2
iq,2013,25,2
iq,2013,26,2
