city,year,weekofyear,total_cases
sj,2008,18,3
sj,2008,19,3
sj,2008,20,8
sj,2008,21,6
sj,2008,22,7
sj,2008,23,4
sj,2008,24,8
sj,2008,25,28
sj,2008,26,23
sj,2008,27,29
sj,2008,28,31
sj,2008,29,29
sj,2008,30,37
sj,2008,31,24
sj,2008,32,33
sj,2008,33,38
sj,2008,34,33
sj,2008,35,36
sj,2008,36,86
sj,2008,37,73
sj,2008,38,53
sj,2008,39,63
sj,2008,40,69
sj,2008,41,37
sj,2008,42,50
sj,2008,43,32
sj,2008,44,33
sj,2008,45,26
sj,2008,46,18
sj,2008,47,24
sj,2008,48,28
sj,2008,49,19
sj,2008,50,22
sj,2008,51,5
sj,2008,52,4
sj,2009,1,10
sj,2009,2,13
sj,2009,3,19
sj,2009,4,15
sj,2009,5,11
sj,2009,6,11
sj,2009,7,16
sj,2009,8,11
sj,2009,9,8
sj,2009,10,4
sj,2009,11,2
sj,2009,12,4
sj,2009,13,4
sj,2009,14,-4
sj,2009,15,5
sj,2009,16,4
sj,2009,17,4
sj,2009,18,4
sj,2009,19,5
sj,2009,20,4
sj,2009,21,5
sj,2009,22,9
sj,2009,23,8
sj,2009,24,3
sj,2009,25,6
sj,2009,26,31
sj,2009,27,2
sj,2009,28,17
sj,2009,29,41
sj,2009,30,23
sj,2009,31,45
sj,2009,32,31
sj,2009,33,57
sj,2009,34,48
sj,2009,35,49
sj,2009,36,74
sj,2009,37,32
sj,2009,38,52
sj,2009,39,73
sj,2009,40,80
sj,2009,41,33
sj,2009,42,71
sj,2009,43,52
sj,2009,44,73
sj,2009,45,61
sj,2009,46,65
sj,2009,47,50
sj,2009,48,39
sj,2009,49,27
sj,2009,50,14
sj,2009,51,20
sj,2009,52,9
sj,2010,53,17
sj,2010,1,26
sj,2010,2,36
sj,2010,3,26
sj,2010,4,9
sj,2010,5,15
sj,2010,6,14
sj,2010,7,15
sj,2010,8,9
sj,2010,9,8
sj,2010,10,7
sj,2010,11,4
sj,2010,12,4
sj,2010,13,-3
sj,2010,14,4
sj,2010,15,1
sj,2010,16,5
sj,2010,17,8
sj,2010,18,1
sj,2010,19,3
sj,2010,20,4
sj,2010,21,13
sj,2010,22,26
sj,2010,23,69
sj,2010,24,75
sj,2010,25,69
sj,2010,26,66
sj,2010,27,78
sj,2010,28,73
sj,2010,29,44
sj,2010,30,55
sj,2010,31,70
sj,2010,32,51
sj,2010,33,50
sj,2010,34,60
sj,2010,35,109
sj,2010,36,109
sj,2010,37,97
sj,2010,38,85
sj,2010,39,80
sj,2010,40,65
sj,2010,41,71
sj,2010,42,41
sj,2010,43,27
sj,2010,44,39
sj,2010,45,36
sj,2010,46,29
sj,2010,47,29
sj,2010,48,16
sj,2010,49,1
sj,2010,50,7
sj,2010,51,9
sj,2011,52,4
sj,2011,1,13
sj,2011,2,12
sj,2011,3,8
sj,2011,4,10
sj,2011,5,15
sj,2011,6,13
sj,2011,7,11
sj,2011,8,15
sj,2011,9,11
sj,2011,10,7
sj,2011,11,3
sj,2011,12,5
sj,2011,13,0
sj,2011,14,0
sj,2011,15,1
sj,2011,16,4
sj,2011,17,2
sj,2011,18,4
sj,2011,19,5
sj,2011,20,5
sj,2011,21,4
sj,2011,22,2
sj,2011,23,5
sj,2011,24,3
sj,2011,25,19
sj,2011,26,54
sj,2011,27,47
sj,2011,28,32
sj,2011,29,20
sj,2011,30,22
sj,2011,31,26
sj,2011,32,25
sj,2011,33,46
sj,2011,34,66
sj,2011,35,63
sj,2011,36,49
sj,2011,37,54
sj,2011,38,31
sj,2011,39,15
sj,2011,40,55
sj,2011,41,40
sj,2011,42,4
sj,2011,43,22
sj,2011,44,26
sj,2011,45,16
sj,2011,46,15
sj,2011,47,13
sj,2011,48,8
sj,2011,49,0
sj,2011,50,2
sj,2011,51,7
sj,2012,52,2
sj,2012,1,19
sj,2012,2,14
sj,2012,3,0
sj,2012,4,19
sj,2012,5,16
sj,2012,6,12
sj,2012,7,13
sj,2012,8,12
sj,2012,9,12
sj,2012,10,3
sj,2012,11,3
sj,2012,12,3
sj,2012,13,2
sj,2012,14,3
sj,2012,15,1
sj,2012,16,1
sj,2012,17,7
sj,2012,18,8
sj,2012,19,1
sj,2012,20,6
sj,2012,21,1
sj,2012,22,9
sj,2012,23,27
sj,2012,24,6
sj,2012,25,4
sj,2012,26,1
sj,2012,27,-9
sj,2012,28,8
sj,2012,29,10
sj,2012,30,23
sj,2012,31,32
sj,2012,32,24
sj,2012,33,37
sj,2012,34,32
sj,2012,35,43
sj,2012,36,34
sj,2012,37,36
sj,2012,38,30
sj,2012,39,42
sj,2012,40,81
sj,2012,41,71
sj,2012,42,32
sj,2012,43,21
sj,2012,44,7
sj,2012,45,6
sj,2012,46,11
sj,2012,47,18
sj,2012,48,42
sj,2012,49,43
sj,2012,50,20
sj,2012,51,7
sj,2013,1,15
sj,2013,2,12
sj,2013,3,12
sj,2013,4,14
sj,2013,5,7
sj,2013,6,20
sj,2013,7,12
sj,2013,8,11
sj,2013,9,12
sj,2013,10,5
sj,2013,11,5
sj,2013,12,6
sj,2013,13,6
sj,2013,14,2
sj,2013,15,3
sj,2013,16,4
sj,2013,17,3
iq,2010,26,4
iq,2010,27,3
iq,2010,28,0
iq,2010,29,4
iq,2010,30,6
iq,2010,31,2
iq,2010,32,-9
iq,2010,33,0
iq,2010,34,0
iq,2010,35,-1
iq,2010,36,5
iq,2010,37,9
iq,2010,38,13
iq,2010,39,12
iq,2010,40,12
iq,2010,41,16
iq,2010,42,10
iq,2010,43,6
iq,2010,44,9
iq,2010,45,14
iq,2010,46,15
iq,2010,47,3
iq,2010,48,6
iq,2010,49,18
iq,2010,50,5
iq,2010,51,10
iq,2011,52,16
iq,2011,1,25
iq,2011,2,23
iq,2011,3,22
iq,2011,4,27
iq,2011,5,11
iq,2011,6,12
iq,2011,7,6
iq,2011,8,13
iq,2011,9,10
iq,2011,10,5
iq,2011,11,9
iq,2011,12,6
iq,2011,13,5
iq,2011,14,0
iq,2011,15,5
iq,2011,16,5
iq,2011,17,4
iq,2011,18,2
iq,2011,19,4
iq,2011,20,7
iq,2011,21,3
iq,2011,22,0
iq,2011,23,1
iq,2011,24,0
iq,2011,25,0
iq,2011,26,0
iq,2011,27,0
iq,2011,28,1
iq,2011,29,0
iq,2011,30,1
iq,2011,31,2
iq,2011,32,1
iq,2011,33,7
iq,2011,34,8
iq,2011,35,6
iq,2011,36,5
iq,2011,37,3
iq,2011,38,8
iq,2011,39,6
iq,2011,40,10
iq,2011,41,11
iq,2011,42,15
iq,2011,43,9
iq,2011,44,11
iq,2011,45,7
iq,2011,46,12
iq,2011,47,12
iq,2011,48,3
iq,2011,49,14
iq,2011,50,11
iq,2011,51,2
iq,2012,52,10
iq,2012,1,20
iq,2012,2,17
iq,2012,3,22
iq,2012,4,13
iq,2012,5,16
iq,2012,6,23
iq,2012,7,16
iq,2012,8,19
iq,2012,9,8
iq,2012,10,7
iq,2012,11,3
iq,2012,12,1
iq,2012,13,3
iq,2012,14,5
iq,2012,15,3
iq,2012,16,3
iq,2012,17,3
iq,2012,18,3
iq,2012,19,5
iq,2012,20,5
iq,2012,21,5
iq,2012,22,1
iq,2012,23,3
iq,2012,24,2
iq,2012,25,2
iq,2012,26,2
iq,2012,27,0
iq,2012,28,1
iq,2012,29,3
iq,2012,30,1
iq,2012,31,6
iq,2012,32,3
iq,2012,33,2
iq,2012,34,1
iq,2012,35,2
iq,2012,36,5
iq,2012,37,13
iq,2012,38,4
iq,2012,39,6
iq,2012,40,14
iq,2012,41,15
iq,2012,42,13
iq,2012,43,24
iq,2012,44,17
iq,2012,45,7
iq,2012,46,8
iq,2012,47,4
iq,2012,48,11
iq,2012,49,11
iq,2012,50,7
iq,2012,51,8
iq,2013,1,9
iq,2013,2,16
iq,2013,3,20
iq,2013,4,18
iq,2013,5,19
iq,2013,6,13
iq,2013,7,15
iq,2013,8,17
iq,2013,9,13
iq,2013,10,12
iq,2013,11,7
iq,2013,12,9
iq,2013,13,14
iq,2013,14,8
iq,2013,15,10
iq,2013,16,6
iq,2013,17,2
iq,2013,18,6
iq,2013,19,6
iq,2013,20,9
iq,2013,21,3
iq,2013,22,2
iq,2013,23,4
iq,2013,24,4
iq,2013,25,1
iq,2013,26,4
