city,year,weekofyear,total_cases
sj,2008,18,3
sj,2008,19,4
sj,2008,20,2
sj,2008,21,3
sj,2008,22,4
sj,2008,23,5
sj,2008,24,9
sj,2008,25,20
sj,2008,26,22
sj,2008,27,21
sj,2008,28,21
sj,2008,29,30
sj,2008,30,18
sj,2008,31,19
sj,2008,32,26
sj,2008,33,24
sj,2008,34,29
sj,2008,35,30
sj,2008,36,47
sj,2008,37,86
sj,2008,38,72
sj,2008,39,61
sj,2008,40,56
sj,2008,41,42
sj,2008,42,38
sj,2008,43,25
sj,2008,44,26
sj,2008,45,28
sj,2008,46,29
sj,2008,47,28
sj,2008,48,24
sj,2008,49,22
sj,2008,50,22
sj,2008,51,13
sj,2008,52,14
sj,2009,1,13
sj,2009,2,11
sj,2009,3,14
sj,2009,4,13
sj,2009,5,12
sj,2009,6,11
sj,2009,7,13
sj,2009,8,11
sj,2009,9,12
sj,2009,10,6
sj,2009,11,5
sj,2009,12,5
sj,2009,13,6
sj,2009,14,4
sj,2009,15,3
sj,2009,16,3
sj,2009,17,5
sj,2009,18,4
sj,2009,19,3
sj,2009,20,4
sj,2009,21,5
sj,2009,22,2
sj,2009,23,3
sj,2009,24,6
sj,2009,25,6
sj,2009,26,16
sj,2009,27,17
sj,2009,28,16
sj,2009,29,22
sj,2009,30,23
sj,2009,31,34
sj,2009,32,25
sj,2009,33,24
sj,2009,34,34
sj,2009,35,31
sj,2009,36,20
sj,2009,37,20
sj,2009,38,26
sj,2009,39,29
sj,2009,40,39
sj,2009,41,40
sj,2009,42,52
sj,2009,43,37
sj,2009,44,26
sj,2009,45,24
sj,2009,46,20
sj,2009,47,18
sj,2009,48,21
sj,2009,49,17
sj,2009,50,17
sj,2009,51,19
sj,2009,52,16
sj,2010,53,17
sj,2010,1,17
sj,2010,2,17
sj,2010,3,15
sj,2010,4,15
sj,2010,5,12
sj,2010,6,14
sj,2010,7,15
sj,2010,8,14
sj,2010,9,7
sj,2010,10,8
sj,2010,11,9
sj,2010,12,7
sj,2010,13,12
sj,2010,14,7
sj,2010,15,8
sj,2010,16,5
sj,2010,17,8
sj,2010,18,2
sj,2010,19,6
sj,2010,20,9
sj,2010,21,13
sj,2010,22,22
sj,2010,23,28
sj,2010,24,64
sj,2010,25,37
sj,2010,26,68
sj,2010,27,64
sj,2010,28,94
sj,2010,29,41
sj,2010,30,55
sj,2010,31,59
sj,2010,32,66
sj,2010,33,74
sj,2010,34,107
sj,2010,35,151
sj,2010,36,145
sj,2010,37,103
sj,2010,38,136
sj,2010,39,78
sj,2010,40,77
sj,2010,41,54
sj,2010,42,52
sj,2010,43,43
sj,2010,44,52
sj,2010,45,28
sj,2010,46,22
sj,2010,47,25
sj,2010,48,15
sj,2010,49,13
sj,2010,50,14
sj,2010,51,15
sj,2011,52,13
sj,2011,1,11
sj,2011,2,14
sj,2011,3,13
sj,2011,4,14
sj,2011,5,12
sj,2011,6,10
sj,2011,7,15
sj,2011,8,12
sj,2011,9,5
sj,2011,10,6
sj,2011,11,5
sj,2011,12,4
sj,2011,13,3
sj,2011,14,2
sj,2011,15,3
sj,2011,16,4
sj,2011,17,5
sj,2011,18,3
sj,2011,19,3
sj,2011,20,4
sj,2011,21,3
sj,2011,22,3
sj,2011,23,2
sj,2011,24,7
sj,2011,25,9
sj,2011,26,35
sj,2011,27,34
sj,2011,28,43
sj,2011,29,33
sj,2011,30,38
sj,2011,31,41
sj,2011,32,50
sj,2011,33,67
sj,2011,34,56
sj,2011,35,43
sj,2011,36,61
sj,2011,37,51
sj,2011,38,36
sj,2011,39,33
sj,2011,40,32
sj,2011,41,35
sj,2011,42,20
sj,2011,43,28
sj,2011,44,28
sj,2011,45,16
sj,2011,46,14
sj,2011,47,17
sj,2011,48,21
sj,2011,49,15
sj,2011,50,18
sj,2011,51,15
sj,2012,52,15
sj,2012,1,14
sj,2012,2,14
sj,2012,3,15
sj,2012,4,16
sj,2012,5,14
sj,2012,6,10
sj,2012,7,12
sj,2012,8,10
sj,2012,9,9
sj,2012,10,6
sj,2012,11,6
sj,2012,12,6
sj,2012,13,4
sj,2012,14,4
sj,2012,15,4
sj,2012,16,3
sj,2012,17,5
sj,2012,18,5
sj,2012,19,3
sj,2012,20,4
sj,2012,21,2
sj,2012,22,13
sj,2012,23,6
sj,2012,24,13
sj,2012,25,22
sj,2012,26,11
sj,2012,27,11
sj,2012,28,11
sj,2012,29,12
sj,2012,30,19
sj,2012,31,21
sj,2012,32,18
sj,2012,33,22
sj,2012,34,32
sj,2012,35,23
sj,2012,36,22
sj,2012,37,37
sj,2012,38,35
sj,2012,39,39
sj,2012,40,61
sj,2012,41,56
sj,2012,42,42
sj,2012,43,41
sj,2012,44,26
sj,2012,45,28
sj,2012,46,17
sj,2012,47,19
sj,2012,48,19
sj,2012,49,19
sj,2012,50,14
sj,2012,51,15
sj,2013,1,13
sj,2013,2,13
sj,2013,3,13
sj,2013,4,16
sj,2013,5,13
sj,2013,6,15
sj,2013,7,12
sj,2013,8,13
sj,2013,9,15
sj,2013,10,8
sj,2013,11,9
sj,2013,12,6
sj,2013,13,7
sj,2013,14,3
sj,2013,15,0
sj,2013,16,1
sj,2013,17,2
iq,2010,26,3
iq,2010,27,3
iq,2010,28,3
iq,2010,29,3
iq,2010,30,2
iq,2010,31,3
iq,2010,32,3
iq,2010,33,4
iq,2010,34,2
iq,2010,35,3
iq,2010,36,3
iq,2010,37,4
iq,2010,38,4
iq,2010,39,8
iq,2010,40,12
iq,2010,41,16
iq,2010,42,13
iq,2010,43,12
iq,2010,44,9
iq,2010,45,13
iq,2010,46,8
iq,2010,47,8
iq,2010,48,7
iq,2010,49,10
iq,2010,50,5
iq,2010,51,12
iq,2011,52,11
iq,2011,1,8
iq,2011,2,14
iq,2011,3,11
iq,2011,4,16
iq,2011,5,12
iq,2011,6,8
iq,2011,7,11
iq,2011,8,11
iq,2011,9,7
iq,2011,10,5
iq,2011,11,8
iq,2011,12,6
iq,2011,13,5
iq,2011,14,5
iq,2011,15,4
iq,2011,16,5
iq,2011,17,4
iq,2011,18,3
iq,2011,19,7
iq,2011,20,6
iq,2011,21,4
iq,2011,22,2
iq,2011,23,3
iq,2011,24,2
iq,2011,25,3
iq,2011,26,3
iq,2011,27,2
iq,2011,28,2
iq,2011,29,3
iq,2011,30,2
iq,2011,31,3
iq,2011,32,3
iq,2011,33,5
iq,2011,34,3
iq,2011,35,4
iq,2011,36,2
iq,2011,37,2
iq,2011,38,2
iq,2011,39,7
iq,2011,40,9
iq,2011,41,6
iq,2011,42,9
iq,2011,43,7
iq,2011,44,10
iq,2011,45,4
iq,2011,46,9
iq,2011,47,8
iq,2011,48,9
iq,2011,49,10
iq,2011,50,8
iq,2011,51,4
iq,2012,52,8
iq,2012,1,10
iq,2012,2,8
iq,2012,3,10
iq,2012,4,8
iq,2012,5,8
iq,2012,6,10
iq,2012,7,7
iq,2012,8,12
iq,2012,9,7
iq,2012,10,4
iq,2012,11,5
iq,2012,12,3
iq,2012,13,4
iq,2012,14,2
iq,2012,15,4
iq,2012,16,3
iq,2012,17,4
iq,2012,18,5
iq,2012,19,4
iq,2012,20,4
iq,2012,21,4
iq,2012,22,2
iq,2012,23,3
iq,2012,24,4
iq,2012,25,3
iq,2012,26,2
iq,2012,27,2
iq,2012,28,2
iq,2012,29,3
iq,2012,30,2
iq,2012,31,2
iq,2012,32,2
iq,2012,33,2
iq,2012,34,3
iq,2012,35,5
iq,2012,36,3
iq,2012,37,4
iq,2012,38,3
iq,2012,39,3
iq,2012,40,4
iq,2012,41,3
iq,2012,42,4
iq,2012,43,24
iq,2012,44,22
iq,2012,45,6
iq,2012,46,7
iq,2012,47,9
iq,2012,48,11
iq,2012,49,13
iq,2012,50,6
iq,2012,51,8
iq,2013,1,8
iq,2013,2,19
iq,2013,3,17
iq,2013,4,14
iq,2013,5,15
iq,2013,6,15
iq,2013,7,19
iq,2013,8,14
iq,2013,9,13
iq,2013,10,11
iq,2013,11,9
iq,2013,12,10
iq,2013,13,17
iq,2013,14,7
iq,2013,15,6
iq,2013,16,8
iq,2013,17,6
iq,2013,18,5
iq,2013,19,6
iq,2013,20,5
iq,2013,21,6
iq,2013,22,8
iq,2013,23,5
iq,2013,24,5
iq,2013,25,4
iq,2013,26,4
